1.000000000000005551e+00
9.751759497491424566e-01
9.748186502337478077e-01
9.748092787611354337e-01
9.748089886281111616e-01
9.748089789389274840e-01
9.748089786013184321e-01
9.748089785892279924e-01
9.748089785887474878e-01
9.748089785887238401e-01
9.748089785887743552e-01
9.748089785887326109e-01
9.748089785878013558e-01
9.748089785644679095e-01
9.748089779333930505e-01
9.748089606843300947e-01
9.748084799609142426e-01
9.747946700248018015e-01
9.743759395446400795e-01
9.600000000000343814e-01
