1.000000000000005329e+00
2.501397890670066237e-01
9.330219696776251292e-02
3.869977491321524576e-02
1.687164177765141868e-02
7.571431959441026621e-03
3.462680802638142680e-03
1.604833890294980921e-03
7.511690547930549577e-04
3.542849829635797386e-04
1.681104308501874109e-04
8.016276742997552069e-05
3.838144551095769861e-05
1.843997167241237566e-05
8.885179275574400532e-06
4.291809972715827860e-06
2.076908454804341571e-06
1.005148937759770640e-06
4.823251001385140454e-07
2.165610477424773322e-07
