1.000000000000016431e+00
8.508360644234358450e-01
8.379655600441158203e-01
8.359238950503310450e-01
8.355384638940869246e-01
8.354564420973598082e-01
8.354428250165627512e-01
8.354353700723244902e-01
8.354343667404705576e-01
8.354340113927758438e-01
8.354384520633674205e-01
8.354332458503062053e-01
8.354367645067941606e-01
8.354302419489008091e-01
8.353960606463272098e-01
8.352763782162639927e-01
8.347103432058109451e-01
8.321301778674679017e-01
8.195711994784296017e-01
7.500029346291701149e-01
