1.000000000000012212e+00
5.086695368299002373e-01
3.751215426991176272e-01
3.060685423034865127e-01
2.621295459544708550e-01
2.309597620689307629e-01
2.072690966423725301e-01
1.883583784938769323e-01
1.726817163095113461e-01
1.592743630846897018e-01
1.474898760978856915e-01
1.368652748251773799e-01
1.270445074314504041e-01
1.177294190670880036e-01
1.086419305692298970e-01
9.948513318847397591e-02
8.988637209618620394e-02
7.928146057749563269e-02
6.659290699570274974e-02
4.885226423598397483e-02
